950
8
586
804
14
596
447
615
980
598
559
576
278
488
531
465
416
247
546
768
57
158
109
900
468
85
216
558
791
347
380
320
254
725
17
367
954
628
115
120
783
916
289
516
828
343
624
190
182
298
880
789
302
393
473
501
575
863
309
219
654
459
714
52
363
824
207
514
732
433
852
985
270
385
849
274
569
248
653
243
48
702
177
896
308
102
657
686
139
161
577
178
62
930
913
631
689
41
882
49
760
573
361
456
73
194
442
88
564
604
656
239
601
92
164
627
764
457
286
388
356
897
314
917
991
987
844
885
933
877
180
330
63
112
208
261
679
509
711
448
683
584
832
799
61
119
481
929
563
996
731
807
300
590
189
798
280
432
519
738
992
759
777
229
645
250
35
580
616
952
647
853
651
944
773
622
614
126
272
972
698
677
144
310
915
134
133
54
784
704
851
179
215
870
384
170
344
751
163
692
167
570
800
165
159
771
122
797
703
410
960
552
91
988
20
921
571
537
21
193
708
699
387
644
693
642
805
391
292
527
464
989
873
629
748
36
435
467
961
846
815
222
557
786
398
101
226
595
858
357
861
790
837
697
962
188
869
939
443
568
673
920
263
553
857
947
878
924
406
46
338
914
652
922
192
70
143
160
348
150
716
582
121
210
817
664
1
279
257
336
297
498
129
151
658
926
412
148
994
230
522
79
413
847
918
346
18
585
329
282
778
843
47
533
114
155
84
753
727
202
51
233
593
201
372
484
228
865
510
131
137
249
405
5
636
386
19
504
56
495
769
392
81
34
957
874
936
186
124
589
362
701
752
184
720
6
747
670
30
587
428
321
982
802
128
600
383
345
452
906
232
602
854
660
823
685
534
313
259
806
943
948
676
441
145
899
787
83
260
919
674
111
650
973
555
267
523
205
55
518
65
905
382
574
58
475
299
886
812
549
266
218
621
72
713
142
415
234
825
774
82
910
132
419
543
138
408
471
724
903
850
450
106
402
955
666
581
350
867
487
237
203
460
461
525
935
909
307
540
77
414
166
940
337
377
758
599
912
365
176
293
706
788
27
110
235
594
301
966
895
610
829
963
827
476
637
451
285
810
11
993
734
96
185
892
45
373
304
401
795
726
723
251
668
334
721
225
231
780
118
646
887
894
923
548
43
422
156
722
407
269
890
813
995
262
648
735
767
619
486
149
335
466
366
483
427
404
470
315
964
979
583
838
283
351
737
803
146
493
69
842
66
945
634
394
296
755
271
856
67
826
834
455
889
609
938
864
141
875
551
478
687
311
819
494
981
511
597
80
94
417
60
606
591
31
776
695
375
925
376
611
883
709
765
294
162
607
932
333
253
959
529
32
879
227
928
907
462
127
389
669
848
104
970
26
15
223
322
891
242
339
681
665
44
245
453
835
474
125
2
71
986
497
937
136
766
396
974
707
485
352
255
359
113
967
76
171
491
739
662
712
28
273
696
868
196
482
976
59
241
4
508
463
400
97
560
490
613
775
89
617
364
949
500
951
489
74
209
265
368
430
316
675
821
545
779
635
331
904
240
506
68
694
740
418
678
649
893
750
98
626
444
876
436
317
204
934
16
811
655
252
965
796
187
538
761
833
379
326
808
990
612
931
198
830
977
953
502
639
556
539
736
431
831
983
154
530
941
13
859
212
369
449
147
469
360
277
75
306
214
744
579
603
268
87
107
505
524
535
181
700
984
172
513
749
200
623
24
809
746
561
38
969
39
93
499
264
423
100
10
997
608
78
429
866
244
605
153
1000
503
871
353
458
281
290
715
378
390
341
446
719
342
517
354
454
9
221
95
323
358
638
942
620
445
437
439
632
717
741
908
840
370
659
911
152
745
276
327
630
224
246
420
211
325
554
968
688
135
672
507
927
191
50
782
946
818
284
785
792
168
340
22
90
794
275
793
643
3
295
397
671
729
169
140
103
174
544
691
763
772
105
588
42
625
541
578
7
472
371
682
743
183
562
860
641
33
175
855
123
318
881
157
496
479
381
328
424
438
901
999
661
23
287
64
640
220
884
403
550
566
421
888
836
528
816
305
349
728
567
754
256
520
116
195
99
12
480
238
37
515
956
705
684
547
374
130
898
742
477
572
173
40
217
663
770
29
25
426
312
902
565
710
998
822
975
440
288
512
633
820
845
971
409
197
86
730
814
592
319
236
757
258
399
53
536
680
303
521
841
213
667
395
117
411
862
762
718
978
206
781
492
332
958
872
690
542
108
199
839
618
532
526
756
291
733
355
425
801
324
434
