8581
364
8604
8763
4159
8930
8361
8371
9871
2247
8807
1503
4262
6107
3237
7003
4270
2506
3093
6958
3616
8314
4549
5862
6920
8916
2328
2939
2095
5494
3919
2179
6812
1039
6192
918
453
3885
6737
3953
418
6691
6162
9448
4300
4929
7824
9558
4859
2707
6074
9413
6882
1130
752
74
8759
1209
2236
5284
2591
131
1583
798
6527
4794
6685
8654
5179
3066
4741
279
8962
3754
9611
7179
5497
6010
658
1426
284
2863
408
6902
4791
977
8964
5229
1174
6710
7982
333
8178
5056
1544
4666
6895
3781
4864
947
2113
8655
6224
2517
8249
4425
521
7251
4664
4033
9189
3640
9044
5332
20
6556
4310
6131
8453
1629
2604
9740
9387
5595
5334
2471
9937
8074
2446
870
2955
9405
1280
9607
4037
2275
8553
7381
9690
2946
6138
6762
8994
8401
5401
1235
4444
2662
5114
7778
1474
8073
5326
4968
5099
464
9546
957
5188
8146
4421
457
2753
5642
7833
2746
6728
6757
6082
2513
996
1665
1260
1947
8418
4476
6750
5448
3058
9866
9
1124
9882
7261
3153
7737
8354
3753
1134
7239
2719
8338
2325
830
71
3250
1859
1874
4182
4363
8520
2069
784
1685
6760
4355
7347
6551
9256
607
3669
1082
97
4936
558
8461
6970
2814
6694
8634
9008
3602
3084
5192
6567
1326
311
7939
1521
7086
638
9260
1913
5725
2670
9080
4998
3073
4557
9658
5002
6236
7985
3082
5010
3992
6976
1163
2732
1607
802
5784
7895
644
3721
239
7608
1061
9869
8898
1833
6714
9224
2440
8282
9355
5900
1067
885
667
6389
2901
4029
9351
8599
2570
1300
9649
9305
7249
817
365
348
4256
2343
5484
4588
3464
9955
4732
2568
876
6197
2930
439
3672
47
873
6978
4593
283
4405
2779
6833
9596
7796
4410
562
6125
4082
2557
4133
6614
6947
4054
2004
7276
1680
3786
7031
3925
6924
9524
7262
124
9279
3690
6693
6067
9290
1394
5758
4301
7626
8501
8281
9520
2371
1487
3718
8026
3173
722
9059
8326
4927
6462
2458
7311
628
5123
4173
2118
22
2569
3578
4064
2481
9089
6488
2965
8478
6267
3604
8086
1318
4988
9496
2171
1131
4093
8498
7693
4509
4713
668
3415
2309
743
9180
1556
3890
8177
7755
9241
2424
5741
1966
4470
1525
2846
1530
4845
6788
1171
5820
7905
8288
7084
2229
822
8345
3375
6699
4045
9504
4871
8628
8187
7015
4856
9041
9553
8701
3979
2173
7143
2841
1771
6655
8244
929
1405
1528
6722
2412
5590
815
1819
3688
7296
5891
6599
4288
8245
8893
7726
8946
6539
2507
5665
692
2748
3650
910
113
5017
2348
4238
6264
2270
410
11
4341
3274
9077
1407
2415
9071
8429
9570
8028
9645
4544
2323
7601
5516
5009
6962
2633
7698
7192
2689
5126
6133
4638
7872
6541
8126
5617
7036
6246
774
3301
8947
3865
8157
772
3726
5430
4542
615
9300
9981
3969
1679
6992
3064
9945
3433
4345
58
9851
1557
1572
6426
2713
4962
6658
775
4901
7000
6856
114
2777
7064
2505
8221
9918
9794
6106
2905
6412
8639
3268
7750
7436
9324
872
9928
1890
3065
7281
3627
5424
3892
7903
5109
6157
5019
4959
6877
9455
5504
1559
495
9880
1498
4528
679
1323
3009
2731
268
6169
6584
6066
1841
7135
5792
4966
3966
9917
2318
4615
1536
9286
3414
9811
61
1446
79
4792
9754
6166
9971
1889
1422
1513
6587
4327
5420
8546
1481
6292
3480
5032
592
4199
8223
5426
9939
1830
7170
6891
7397
2602
825
3284
5068
2065
5546
6102
476
1028
791
2978
7650
4354
4477
4984
8186
7986
4004
6705
2772
7139
6951
9979
1011
2571
1641
4034
499
6123
7016
3502
5337
944
1567
7082
6564
4747
4392
8184
9331
6746
4863
7439
7382
1109
1941
715
342
4766
539
9082
8017
4168
6217
1339
602
465
1073
3060
4685
8685
1732
5288
6460
9096
5794
4720
6799
8640
4257
8936
3625
4566
1000
3572
2332
9394
6352
7578
7857
202
2079
7911
2019
9987
7433
6562
2768
160
2388
1060
157
4986
9535
6017
5526
1352
7773
4207
459
8837
3931
1879
4318
7758
9927
837
3733
6880
1101
1700
2141
2121
8097
1778
4479
7012
199
7736
5446
3840
6487
3421
7038
6204
7483
8907
2995
4254
6271
144
5847
5843
3309
2971
9197
2585
3000
9852
3260
1569
883
9577
8030
9506
5547
3347
2690
7926
9785
5053
3131
8558
2702
3004
7733
5259
6009
9415
1602
133
7883
2940
3612
7569
110
2831
1471
5379
2405
515
5972
3991
3072
2911
6037
758
2180
6624
9919
1053
7029
183
982
6212
8064
7199
7051
7415
4282
6689
273
2284
1922
3270
1768
9231
4634
3343
2182
3918
8226
7835
542
9894
9668
9182
1670
8613
4384
1442
5651
4197
6848
5968
7506
1470
1908
6387
3937
3144
7880
3514
6154
7675
9165
4999
9836
6491
6289
8108
106
8440
789
4970
4578
3703
7153
6949
1979
7597
8460
9010
3799
8727
572
7057
4677
3150
2074
7527
6634
4960
19
1975
6059
4594
8084
8853
4773
2612
3564
4853
2144
5588
7876
8417
3737
5047
361
4762
1013
8995
5945
392
3320
7213
5762
1484
8858
9960
9072
1475
1229
6029
4796
1798
3424
6783
352
3175
4280
1593
8069
357
7019
168
9788
2198
8985
3263
4989
6520
699
6196
1245
7138
6663
8665
8732
1565
5064
8006
1026
6666
6526
4568
7995
8329
4119
1850
2828
7023
7572
8088
3202
4981
3294
2184
4408
6137
6362
9120
9047
2996
2070
8217
9284
8806
1690
2815
6980
5623
3169
5073
580
1672
1524
7404
5041
3844
6486
2528
7208
1440
7151
3634
6347
9706
1747
8556
2857
9562
7260
7334
1274
8548
9205
7512
6178
1430
2600
441
6916
8254
2341
796
3939
3014
4132
4907
6984
8560
8751
1275
4915
9772
3247
270
7129
4404
3078
4928
4735
7678
643
8182
2059
6013
4889
3965
7423
7362
804
2561
4224
907
6591
8083
3154
4576
9492
1044
1612
7244
7581
3493
4066
9311
4009
4373
1395
4179
2788
655
5358
7173
3532
8812
3788
9859
6636
6012
1580
456
5255
8050
7263
5686
2057
2334
9312
3859
5115
3327
6388
867
1177
166
1836
6761
4423
9628
712
7946
9911
2899
1478
1706
3528
8657
3289
3070
8010
8874
4407
6887
5594
3352
7142
4053
6654
8213
4069
7323
4946
9902
801
6640
7836
9831
8324
3710
8825
6804
8287
1860
3311
9423
8396
2358
3714
9152
8536
5261
1046
8102
2136
7504
7655
8492
1054
1652
9550
9065
6600
5959
7376
685
6482
213
1925
4969
546
890
7039
2040
4802
6637
9512
8797
7556
6209
8920
6363
2483
2384
7711
6313
9701
2773
3489
9853
5729
6394
40
814
5895
938
6151
7268
127
5659
9842
6078
4902
7629
8394
7661
8824
8914
8603
1822
4315
4331
905
7306
2365
7804
5509
8987
4706
3007
7850
6396
2974
1370
1097
3982
8746
8902
5841
4049
4135
287
2245
1056
164
8004
7702
3110
9171
2105
4087
4656
4728
2501
839
1997
5853
8033
1590
224
674
7241
1080
7549
1587
3351
1138
1984
6092
14
7725
1110
1356
6492
6398
5210
960
598
2394
8992
9929
8788
5893
5791
7794
4992
6441
6770
7611
1796
6159
9350
2267
616
9334
7784
9175
3079
799
4679
152
6064
1068
7682
192
6112
3894
5604
5896
2625
4465
1898
53
8712
4674
2096
9798
1674
4790
5429
9073
1831
3165
4247
2695
91
1558
913
4655
1738
614
6881
2197
1655
1636
7602
5522
9841
3943
8924
3887
2048
7961
4779
973
7216
729
8602
2135
1932
7789
7745
7049
2878
8322
3080
7639
7756
243
807
1278
2937
474
3716
4253
2299
1217
328
4446
9876
1785
2022
428
3509
3360
3505
5203
1142
1703
1595
8799
480
8697
6299
7474
3823
8847
7258
1884
8749
5568
1072
3522
8707
4994
2989
4980
6206
122
9547
2349
4428
7360
8469
1864
4175
2674
481
135
3225
1795
6309
1003
4370
1401
980
8202
8405
5187
1262
7622
9132
9367
9986
5528
8424
2383
2520
7418
2089
5553
267
7103
6089
8830
2886
8584
67
4707
7721
6419
7585
2379
9522
1576
2969
7392
9051
2271
6792
4810
8459
2840
6542
4512
9847
9787
1866
2808
5582
6987
400
6623
9843
2842
9148
5082
8320
9400
5236
2966
2785
9964
859
49
3667
8941
8724
5708
6114
9011
9445
4952
223
7867
9210
9692
1899
5834
1780
4218
7957
5932
5555
9820
8480
4294
1877
1379
9722
2882
4057
4415
7357
3100
2851
6477
6985
8479
536
2764
4451
7013
9808
6256
1770
4938
2086
6598
940
866
1461
10
4967
4356
2615
3530
4764
5502
5926
3477
9149
2866
1516
1383
5830
8935
9354
8058
9633
2981
887
687
8193
7004
7148
6786
3536
8200
4944
1045
726
1853
8495
7350
3838
3142
9406
3676
4691
3186
9074
2067
2825
5978
4186
8745
6560
6117
9222
8208
5226
8715
7025
1136
2524
9822
768
7967
8971
7302
6231
6323
4676
7697
605
5669
8270
6184
3987
5703
4213
5207
9823
3608
2739
7822
2163
7782
529
497
599
9018
3653
276
6225
7209
5230
7092
3417
869
2076
7090
5876
1520
5755
5915
4101
9066
5232
5985
4085
6494
102
5245
7496
663
4827
2880
5799
9143
5307
115
3135
424
9012
198
714
5185
7052
3012
85
8620
6414
8527
7564
9555
7897
2402
9753
3665
4346
200
2148
206
57
3387
4577
9502
3517
5583
9965
3479
669
8656
1404
2313
8566
5562
75
9307
7105
6421
8328
8904
3155
7354
5051
1807
9105
5149
8999
5936
2172
6474
3587
1702
3624
8981
3824
9251
7407
6233
5016
242
2237
1649
3124
4777
3926
1533
7283
7722
7273
9121
1448
8571
6108
3459
3044
9910
1253
1894
5213
5157
6320
7714
5026
6928
8455
2108
7510
7525
2258
7688
5277
6718
7999
7449
9479
5615
7681
4879
9063
9854
2634
7254
2259
4073
4603
6966
1349
4039
3550
30
4964
9561
7852
349
7849
2075
8917
286
222
1279
8625
566
181
6545
6420
3687
1873
1268
8842
6230
5801
7716
2390
2968
8872
7083
2493
3988
52
8557
8729
1562
9618
8167
9278
5643
956
9006
1036
8506
9357
3362
5904
5275
8029
5831
3283
4832
2948
632
1858
1408
6646
2151
5933
4432
3467
5785
7456
7790
5531
4008
2669
3777
6365
1200
7343
4985
5453
9431
2862
2055
62
3533
5854
4632
3639
1684
5764
7035
4096
6800
8963
3719
281
5956
7008
8681
2265
2225
508
5922
3278
2250
9196
1923
3773
6570
5661
4786
9186
9440
8846
5597
710
9826
8215
1019
2455
4904
2960
9403
4422
5567
4714
5557
3752
9799
3709
8804
8562
4258
4592
9013
593
1809
3803
1157
2845
7898
387
9184
3125
4296
5685
2053
4701
2727
3526
7652
5901
5981
4678
4239
3678
1594
5536
3808
4417
9900
3758
9747
1808
8521
6386
4180
1314
8276
3570
4667
7453
6143
3272
8568
3720
6444
4460
5908
7909
5505
2373
2044
1920
5293
8465
8508
1759
7920
5838
2601
6284
800
1617
7563
5005
3853
3292
2498
6912
2290
9216
6592
9601
3775
9723
1149
4244
1364
8416
8851
7300
7893
8943
2741
5967
9493
1092
9569
9088
845
7901
4518
3315
1704
534
7356
8229
812
727
8107
5674
345
6629
8549
2629
8531
5085
5752
486
2058
7776
4784
1718
6174
9635
9769
8293
7318
3658
5141
3410
5808
8953
9857
2054
3820
5181
3226
7710
4469
6843
1892
7768
4274
6578
2910
2819
6528
852
6364
9540
8525
7494
8721
6032
2028
4736
5311
271
5381
6328
3116
8735
4484
7178
7200
9123
6023
7358
8384
4945
1585
2479
205
8034
6443
1526
4646
3999
2701
8413
8587
9326
9125
1838
1993
2188
2754
4873
4841
6331
463
4267
704
1329
2522
2521
6422
5620
8404
41
1179
7365
8931
9026
9967
2183
818
7969
1869
2287
6702
753
701
4006
2350
314
5917
6870
4621
8878
9147
9302
695
5511
5748
1962
8433
6532
9225
9792
7570
6214
7680
2021
5608
8534
1237
262
2426
5779
5637
3565
5246
569
7834
7575
3034
9349
6751
8507
6349
2913
927
3369
1939
4448
7272
2200
2329
3552
9901
5354
8170
6991
5519
1480
3668
3834
9382
5694
648
964
5001
932
6506
444
555
4067
4268
4091
4109
8528
1972
2892
231
5331
6272
6448
2658
5151
1159
1078
8552
9068
3393
8337
9688
1863
3396
1851
3062
7277
9404
8690
4908
1970
2725
6043
8370
2895
5666
5613
5500
4486
8775
2282
3085
5382
5083
3793
3518
1058
6518
2016
8035
4399
9622
3197
8021
4619
3097
3779
7760
3049
9591
8871
4583
4723
8711
3279
9849
9891
4890
9829
8432
1115
3180
26
3178
4692
5419
9694
9594
6982
3205
8615
4833
6682
7845
7522
3960
3946
9327
9416
3188
5717
6931
5856
9495
4128
4427
8380
1800
7984
4931
2982
4170
4636
3285
2292
2836
5671
2584
9414
1457
3582
5306
9098
8703
1090
9954
406
9420
7557
6393
2459
7964
5883
3971
8398
1757
6156
9889
8020
4955
9427
7705
5881
2597
3265
2122
2401
7631
9716
7709
5094
4196
9238
29
934
3345
3099
6656
9446
369
6193
4725
4010
8675
5370
6854
2078
9661
4737
8395
3323
7861
3322
215
2165
8241
9441
4614
1854
6071
6926
1455
773
1654
8369
4769
9475
4953
368
3670
9432
16
8057
6051
316
879
7826
4668
689
1292
5402
1123
3238
7500
6195
6995
4012
2331
7759
4942
8284
7065
728
3428
4538
8679
9726
2527
1296
2761
6045
324
3198
6485
3409
1464
9582
6535
8094
6959
997
3577
2598
4494
4369
3326
6734
670
34
1277
676
6943
3632
3763
4868
8442
1981
1390
3701
7326
9865
8667
1974
201
530
924
4954
8925
3258
1366
3344
37
5482
3092
4353
6126
9574
318
6490
427
5158
5062
4264
5999
1839
1126
8067
2033
8104
6944
2231
188
1697
3831
865
723
9529
5235
8644
8820
4393
9679
1086
6103
6495
9940
3928
1238
7526
6824
3664
8595
4724
4909
203
8576
3989
4389
8078
1737
1322
7447
6268
5008
6864
9338
3699
1249
4212
899
4499
4316
8734
7827
6006
9365
4401
6837
2002
277
6085
6617
1582
4211
7463
9634
2196
7109
3872
9095
294
5601
5184
951
3588
9528
2596
7583
7844
5805
5605
7685
5571
6574
6240
2403
7314
9737
2293
1512
1752
6354
5885
7595
3133
7421
6847
1519
8042
1625
3724
1713
8826
9739
7312
8524
5534
645
4025
7253
9741
4129
9850
3575
7565
8793
4167
6200
5982
3474
9273
7492
1599
5690
6291
2214
1328
3920
6053
7646
2466
3005
8574
9293
6648
3959
8600
4867
9838
3336
9390
1248
4259
9138
2893
2223
2983
1924
5692
4658
5619
5369
3177
7454
6766
6676
4362
7588
4286
362
5667
7290
6828
626
736
842
8110
5241
137
1728
3837
4090
2119
1579
3829
5075
6250
5871
2653
2575
3015
819
4903
7202
3172
1961
6270
9623
8166
9127
2434
9443
4887
2409
5436
1361
9058
6391
4350
6140
1231
3140
1887
9335
9804
5129
2639
9242
190
9142
7111
6711
2168
4606
8555
5940
4080
3203
3167
2207
4551
2567
4559
7145
4536
1514
4875
3276
9756
5404
1315
4220
4830
4154
1786
7938
3332
8854
378
9133
853
3914
3841
5802
6811
5380
9356
6310
3244
1538
1529
7467
240
9946
4584
5320
4344
255
1226
767
2632
1489
5422
1719
6208
2824
702
5111
2728
8356
2285
5545
7747
525
5024
7787
828
3228
2871
236
1050
1316
6476
27
7921
1309
3090
959
1122
6095
6406
9606
9491
9537
1164
836
808
5527
9201
9308
8529
8109
3974
8410
6436
2321
882
1566
3036
9203
5815
5413
9830
1570
5469
3231
7959
2541
1723
4440
2758
9206
8259
4206
7378
1022
657
407
9501
7030
2622
8183
3948
4391
8773
1614
7676
9732
9655
8201
7538
627
2274
5172
2212
3798
5186
9654
9002
8968
3519
5242
2470
2542
154
4183
5957
4752
3976
9029
6522
6287
2262
8704
7069
5142
7317
6435
1081
2881
7509
4275
5772
1114
7558
4800
3682
5425
8848
1059
6706
7662
9360
2735
720
4084
7408
1354
9885
8530
694
7061
3822
374
1018
8957
1393
5927
3388
9676
9728
8513
4295
3445
4077
4473
2897
1362
2316
7617
3619
5287
2227
48
107
7948
2635
9517
1246
3127
5806
5139
9167
1331
2679
8496
8588
3767
186
9837
1135
5541
477
1896
9709
3174
4709
1251
7289
76
7730
5726
184
4589
1076
4237
3506
3115
2991
1065
5054
3748
3355
3466
9781
3628
7159
78
4574
5499
7291
2356
5393
1914
1302
6405
590
6517
4570
7772
2239
6850
4586
3561
2885
2406
7087
3662
3556
8676
9129
2395
3610
9426
3867
7935
7100
4620
731
4502
4454
961
6077
2191
1756
5955
3366
4696
6921
7692
901
9994
7913
4376
5695
9708
3033
2404
9359
3581
7664
589
9317
445
9678
4074
5150
8585
8141
7058
4114
9110
4437
4622
7727
5750
3055
2194
7536
5180
7899
9590
8918
9790
4529
4430
3046
8403
4032
50
8849
5738
7432
4595
8458
9183
7749
881
1284
367
360
8954
4605
735
8397
3543
1494
3531
2008
3940
1937
8589
7630
4380
2835
3549
2463
2869
6523
2964
1145
9762
4553
7998
1113
312
5040
3762
7892
3454
8642
3221
417
1799
1554
976
3599
285
9336
1813
6869
4381
9163
7181
5683
9767
5887
1708
7195
8145
1295
4609
9481
6111
5681
7547
4644
3855
5804
3449
9052
9707
5673
3666
4150
3399
7808
2166
6933
5476
3596
1547
7529
1592
6852
1788
2456
986
4560
2887
3909
583
288
4961
2235
4751
3261
3350
3403
36
4657
7123
625
8364
274
8204
2928
6577
1893
2654
4210
8601
5147
884
5745
8199
261
3883
3234
8355
305
5684
4829
7519
6742
6463
5920
7471
3573
2950
2843
7539
3317
2091
5394
9538
719
388
9513
9199
6936
3457
7805
5980
3095
1630
5076
2920
2257
4375
1872
3181
7769
3435
4563
2890
5579
9839
5565
2448
9710
2621
5632
9729
5257
5773
3161
6780
9944
8761
346
8663
1552
3381
9908
8236
4911
5451
877
540
6861
1005
3535
246
4519
841
2308
1112
9734
1443
2145
972
8450
6205
533
4014
1845
5389
5969
4297
5749
2619
8093
2537
2967
4504
5173
1828
9418
8473
6810
4760
8989
5746
1070
8911
8296
3507
7687
7137
343
8716
2175
9473
7889
9887
4149
2909
955
3735
4164
383
9899
2721
1550
8290
8694
9695
2577
1303
6661
180
4731
2609
3199
5716
4277
7743
7411
6014
2213
601
4140
6281
8117
3978
2550
8264
4204
1943
3751
8511
9500
4107
1548
6358
6964
2266
1102
4782
6975
2852
7489
6185
3571
3214
1311
3266
1648
6269
6626
3696
2854
470
492
7591
1720
6093
3216
2366
5258
4851
6576
6838
3657
8713
6042
5989
4552
3952
5796
6099
5638
6796
5350
8407
5693
2676
9451
9991
1308
7044
7371
8919
7955
3593
7237
1667
7380
8862
6004
396
5456
8632
6834
6408
8392
4336
9399
8305
2578
6433
6673
6715
5266
358
5842
705
4933
2176
5596
5724
2923
1240
1148
6660
7708
282
2034
6892
886
1027
1726
6585
7811
4148
7174
3922
6606
310
4705
9959
9319
8402
2816
9681
1216
3807
5103
1368
5162
9657
4817
5136
8408
2891
7605
5961
8852
3956
217
1623
7802
4687
5898
3038
7131
4834
8306
136
229
9282
3529
7945
485
9620
1074
8836
1069
5903
473
1969
823
3916
9136
4526
4020
8658
8945
8313
7485
3215
7128
253
2450
636
8768
6130
7214
756
7670
482
3524
9130
1372
8517
6415
8079
948
1139
664
7349
9703
8331
3520
5364
1144
7468
4694
8502
3179
6410
5414
2120
3913
7623
9904
7071
9091
2234
5558
112
4778
2957
7309
6324
8951
9484
8280
2749
2769
6802
5836
2314
2884
3905
3208
1935
501
2445
1219
7319
5363
3297
8926
5807
7018
6390
509
6899
9193
7112
4388
7205
2958
4260
6120
5368
2269
2043
1901
7369
4189
1963
4535
5373
919
737
8056
2442
5937
2431
8012
6568
9705
1283
295
1203
4921
2976
7807
9720
9539
8189
6147
1760
3727
7644
7372
3927
6282
738
516
826
5496
1992
4205
878
5650
9482
434
2579
6582
6262
7217
6619
1734
4438
2457
8040
3245
8594
7774
5459
6229
9208
2508
6860
635
4804
7435
5175
6752
6277
5138
5539
1814
1660
5803
4442
1125
8653
6724
3145
3876
7713
6072
3418
7324
5289
7814
8791
7459
3189
8637
4172
6596
9988
9040
3331
7204
7169
2094
7486
9663
3742
5240
5023
5861
8308
7238
6735
8974
7122
7079
2477
7155
8923
8682
1978
7303
1234
4455
8777
3271
2049
80
8780
3026
8467
4582
6449
5049
6793
506
5036
2921
3475
9896
7094
2560
2678
3054
5263
1194
519
7344
6327
9333
6647
4334
4414
3252
5299
4352
2512
2307
6679
7288
2544
1615
889
785
7858
3075
4599
3008
5470
5395
5271
7006
5243
3413
6075
9322
698
3930
3888
6337
5253
1146
7720
2210
1482
7643
3746
17
7679
6888
4991
3949
7840
4858
757
4803
4453
3458
700
2849
3910
9085
8725
2657
1578
7890
5093
6022
6191
1640
8263
2052
9453
3935
6333
6516
5211
2230
4847
5267
6827
4287
8374
7053
8798
1989
70
4100
5766
8271
5570
1772
503
9844
5223
5654
7943
9135
8760
8614
8106
3068
3620
4079
577
5510
7763
6695
2586
1403
2781
1581
3932
1716
4011
2786
1117
9659
2018
7335
7340
2853
2062
8176
5480
6988
4569
8570
3877
3744
4997
7997
6900
8942
3933
4750
7076
1531
2482
8310
8008
3191
8708
8274
7896
9157
2392
618
178
1350
8260
7395
6190
2574
6201
4669
5015
7196
9515
426
9664
1421
1766
1033
8596
8738
2490
2924
3512
4789
928
3363
1518
7046
6806
9243
8143
2066
9846
967
4788
4974
2023
2071
5487
5718
559
3290
395
1816
8003
8545
5120
4145
2534
2006
2515
165
7022
1075
3218
7922
4293
5355
2444
862
1653
6641
7992
149
5341
6954
9586
8175
6730
5466
6698
4647
1817
5317
7532
8611
109
1444
3163
6790
8137
7444
4047
9174
1432
6893
4554
6825
471
7865
4627
1949
4018
3483
6008
6353
5433
4726
5191
2374
5183
6036
2178
5809
665
7638
5984
4672
2592
2918
403
3132
9531
143
2519
7416
9102
302
7144
4525
4733
2558
4631
3511
5652
7674
8179
4842
1882
871
8892
6552
9020
3104
6083
6609
6546
2961
173
8540
8774
8586
9321
4531
6245
5219
8363
2111
9886
7731
6717
8411
9061
3825
3863
8497
6461
3106
3425
4897
1287
3537
2311
8543
8875
7060
3077
6727
8180
3251
7269
4912
307
7929
6830
8741
6866
7301
88
3759
5089
7819
9782
5952
5171
429
6657
1803
600
6401
4925
9392
6809
5607
7753
7287
8212
8334
9932
1657
1903
2954
8533
9042
3254
7950
4251
6307
4895
5682
2822
1098
2286
3217
782
681
1724
8539
6124
3812
1635
2160
7182
5105
9215
2014
567
5423
1793
8138
949
3993
7821
1991
2240
7097
8901
8813
8559
4143
8933
5962
9915
8859
9383
1014
6237
6044
6334
2956
1948
3579
6822
6540
6425
69
8834
9677
448
3027
493
409
3193
1319
4152
2011
9595
7108
293
7690
8767
4141
2784
1730
7951
9925
999
8155
8482
1298
4112
2132
1084
2671
3790
1682
8118
8661
3938
6781
7734
9819
9615
1358
7353
4613
7868
4120
2742
1227
5513
2429
7106
3986
9627
9166
9791
8719
1637
2755
943
1384
7364
9568
2081
4467
8765
8349
9246
7560
6019
7766
1007
6380
1603
1373
4924
1257
2485
7931
7666
264
7607
6373
1055
3495
1944
4798
1483
4232
3765
2770
3190
9760
2219
3386
3586
8098
942
2801
6612
9797
1009
2902
5993
4163
7976
5614
1811
8844
7741
111
6905
7212
3275
908
6821
9656
8737
9494
7321
5305
5112
5106
5774
351
7544
4062
2042
3761
2952
194
389
8684
629
1241
8801
2150
6758
4015
5824
3022
528
2272
1317
5931
6911
6697
7113
416
9207
3609
6179
6276
2283
7598
2072
8671
5899
4319
7146
9116
3416
5886
6424
7770
4860
7550
6819
4843
8393
9295
9275
87
5574
4403
3842
3372
3448
2716
9374
3774
3635
6776
7810
9750
7091
642
442
2685
8752
3157
1711
6021
7846
5629
6198
1990
1409
7954
2655
5812
1016
7783
8609
23
9083
2451
1192
3772
6223
8514
1182
2369
4684
4485
1224
8894
4312
5427
4227
2720
9527
2806
4203
2380
4771
6039
301
8076
1057
6122
6399
3184
1437
6896
8754
8913
490
5133
3302
7293
6368
9233
1261
551
4530
8822
5988
8436
9439
9320
2509
5543
7699
5714
6784
7669
2603
936
1439
3836
2830
716
6314
4628
6164
4281
5701
3630
1199
6747
7596
8242
3159
6925
5790
2759
3942
371
9556
1344
1940
2864
1783
5313
3651
1321
1946
8668
9684
6002
153
1085
2595
7401
6971
9510
2435
6173
827
7878
5818
3017
6732
3805
623
6298
5491
3964
1105
8886
9624
1031
5165
8491
169
9425
9817
6232
5340
3056
1029
3500
8243
4488
4139
1336
5178
4377
8362
6344
6561
3025
8016
6509
1517
9281
3739
32
5554
4781
6665
7223
6555
5732
2858
5335
4246
6434
2800
2631
4490
9220
9585
5950
8619
7327
991
3538
7388
7818
9200
5921
2376
5948
3715
6638
8009
8635
3195
500
1740
336
1781
4291
4431
2722
377
5635
2929
707
4702
2789
620
7628
478
317
3764
9926
9674
8045
1088
3615
8059
7965
3240
9272
1493
7147
3160
7684
300
9912
6194
5869
1692
1269
9874
4136
1472
7464
6777
9054
9075
9460
1096
3039
2452
7339
2177
3813
1433
2203
8915
5434
1986
3368
8702
697
6447
6005
8563
3967
5754
5012
176
2807
5251
214
8927
7551
7234
831
7465
8643
8821
1222
8194
2396
7780
6723
981
5964
7825
1643
7839
6378
1666
3262
2821
4289
6076
1878
7193
5995
6504
9380
5351
6862
5552
338
7739
7534
1466
7047
9530
3576
6785
2752
863
5347
5045
4507
1103
2677
9185
469
4787
7862
1769
4094
9117
2441
9038
7616
8567
9337
8823
5707
8054
9419
1712
5216
3915
897
7912
6026
2439
2000
2672
9198
2010
1428
3584
8209
9236
5449
8341
6244
4906
8958
9022
1510
3239
8195
1502
6359
892
3481
4611
6297
1211
970
1170
4111
3076
1324
1193
7149
975
7786
4780
5507
1334
8868
8315
4217
2202
8717
1270
3067
1244
8149
9030
4539
9064
5057
6187
4892
9104
4916
4171
6027
2416
5599
5074
1137
2486
2454
9261
5367
1773
4229
1398
225
2856
7668
5786
2743
3534
3452
329
8906
8515
8013
1644
5879
2484
6597
2583
2833
2465
2324
6974
8336
2047
3143
6273
7978
1143
650
3898
5966
3951
7473
6756
3310
7952
7472
1063
9807
3365
693
5399
1952
3896
974
5833
9576
6101
6311
3815
3473
3673
4166
7419
313
4113
6121
2407
7894
9087
930
1707
9341
4612
5143
7163
6836
3934
8466
8978
12
8367
5795
1915
8979
8051
2256
1589
2783
356
9877
992
9855
4317
7863
350
9344
5610
1804
8130
8486
230
6063
9031
6644
443
4797
9316
8541
5298
724
9715
8997
9049
2211
2107
7101
9056
4663
9693
141
7751
1964
6302
6791
4958
4070
3404
3598
446
2024
1930
6610
9521
7515
3695
7788
7740
3740
7285
5110
5272
7632
3230
6163
7723
840
8802
7815
9457
4464
9536
9621
7337
1663
9588
9700
9461
6423
2031
9875
9433
2301
9923
4075
18
8950
3704
3870
3139
9118
4616
7250
83
4608
4940
5816
3605
8489
7446
3455
4639
9976
2186
15
7048
5878
5410
532
4219
5360
7618
1600
60
6939
6932
9995
7577
4424
24
3655
806
5585
7231
574
8061
1017
4836
832
7183
9250
6687
6937
9683
2139
5689
2608
1024
4877
2385
7579
3071
8046
2554
2333
6182
4562
1912
8598
218
915
1263
2157
373
7352
4865
8269
1505
3614
5719
5408
9489
4472
433
9067
5647
8317
4718
2364
325
3817
9469
4017
8092
5461
6430
3383
7793
4480
8148
9291
3961
9719
9005
9060
5282
5035
2694
4767
7330
5636
5747
5696
376
6379
4652
4383
8038
5657
7011
9078
3348
249
7960
6859
2549
9867
8772
6763
461
3968
3453
810
2099
2117
4861
2943
8409
2085
1208
5166
6259
4580
3555
5458
9745
291
1327
13
6927
9288
4712
4441
5464
9629
6249
4026
4165
9957
1382
2064
6953
7480
5352
7757
8082
8031
3983
7497
6845
1254
9158
116
3050
8389
2986
5254
2339
3267
6602
9398
5202
9310
1459
3411
7043
6400
7930
5443
4934
1867
6500
5031
2357
3677
730
8231
1191
7495
7974
857
3129
1220
1743
7490
2428
2221
1172
8066
9641
1180
7387
4021
7386
7393
8887
1400
2312
7993
4524
5303
898
1320
3568
9379
3136
9963
2613
510
6798
4977
2551
994
3031
9667
771
9566
5297
3745
5819
2548
5880
7752
3291
6671
6148
4248
1291
3873
5495
4876
2573
7152
6235
8426
6941
8532
7363
4604
3755
5315
2335
5705
4228
8965
8335
3686
9388
1232
2644
1313
4209
7848
7140
2599
5538
7919
9931
535
2499
9192
4236
1597
9115
9669
413
6429
6040
7096
454
9735
2876
1506
4659
2263
5131
5323
3636
8075
6339
9277
4030
931
6301
7114
3852
2894
228
3378
6930
81
6997
1355
5269
5875
9032
2944
9714
4957
6465
3963
9401
1353
2793
2614
4299
6680
2780
1897
6748
1037
6686
3354
8785
3013
1181
4240
709
4837
9107
5077
4623
3338
9101
6207
1951
266
3540
5855
4729
691
7533
7537
7927
2241
4117
8446
2945
4688
4775
8376
8705
5928
5477
3700
9930
5050
8476
3711
9352
2682
3994
9179
4757
3698
8289
1438
777
5730
8250
1927
619
484
5454
2370
3358
9155
9630
8504
6481
4855
9170
1678
5004
7417
5225
2667
1957
1601
8841
5627
1242
2170
5113
4419
9507
978
8358
1477
1596
6910
9951
6202
1449
9997
4086
6632
3797
2912
4468
2998
3569
7966
7566
3862
7980
2038
5396
6047
2359
2810
6950
298
3806
5997
3560
1062
4061
2492
4820
4250
4821
2147
6094
939
4001
3098
9672
9483
518
6413
7855
5723
8303
5663
3689
2618
2700
7657
4309
9828
7694
6239
6967
4435
609
7888
9526
5691
579
8669
9824
9086
5768
1710
9108
3242
8342
1161
10000
3984
5318
4395
4457
1574
8018
4038
3985
6922
6929
299
764
9665
4708
31
9090
5432
2799
9340
1367
8225
1586
8575
7928
4591
9373
8891
9796
5797
3385
9602
5852
7649
7361
2073
3997
1810
963
9583
7738
7247
1805
4347
4716
611
9973
9691
3818
5832
9983
3168
8626
2443
5084
2659
1043
950
4826
9454
1411
6003
5710
4660
2305
1071
9112
8622
8723
3325
7368
2480
257
805
4809
9584
2724
3430
7316
6372
5998
7222
6252
2745
2704
1258
344
9884
1933
1753
2556
1341
7941
1423
8286
6000
8922
9428
3314
6631
9503
649
7949
9626
8809
6764
6357
6688
3288
411
4188
9752
175
9775
3045
3801
1332
7130
4338
9870
2288
1214
7219
3503
1717
1290
2811
9227
7156
2740
3904
8750
8569
7165
5208
1129
390
8678
9263
6669
6280
9035
5071
6286
3114
9523
1236
3757
6946
7186
7265
2729
9773
72
7902
3367
2818
4617
7900
4088
1945
4555
1745
2877
8457
1725
4397
247
5840
2474
517
2553
9464
1751
3488
2510
3945
6820
4727
5238
564
8435
6731
5742
3330
8778
935
5227
5559
8256
6968
1451
7665
9034
2888
6989
1038
9599
3126
8618
9736
92
39
7813
315
7816
7853
5979
9717
3361
9323
3333
9746
2661
9411
7425
4052
813
7154
9742
6919
5130
2190
2503
5325
1659
6087
9154
903
4686
3708
8027
3296
7648
9508
4982
6321
4076
5397
8631
6803
2253
394
4278
8379
2518
1689
9805
4744
2025
7366
7847
460
9191
8344
2873
2398
7988
6589
5265
1048
3547
5144
5348
7127
686
7640
1926
895
5346
2372
6815
5678
7587
66
2546
9001
554
732
5060
641
191
3741
4329
319
7093
1369
2994
4261
926
4413
1709
2838
4812
90
7308
7297
5117
7470
7158
2467
1826
9597
8832
9345
2949
3780
3732
3574
7832
790
2766
9933
5455
4561
783
7370
4671
2218
4746
3122
5445
5011
4807
8101
3567
696
9385
56
4339
6409
1006
8572
7440
1178
6586
5239
2683
8838
3316
5283
1956
6915
3200
3871
5463
4022
6383
6467
3589
8649
6876
3613
5529
3626
7879
9173
8688
4899
6129
3446
7791
5308
5296
8522
8982
4768
3040
6613
8921
6779
2289
9881
3660
146
7390
2345
9646
6846
117
8237
8776
5061
3906
1921
9467
7981
2572
2368
2562
2665
5377
2813
4941
1491
7907
7307
8666
2351
9234
1040
8163
7735
2193
2823
1335
9402
6306
3485
8164
6867
8993
55
512
8304
3954
8366
4754
9744
2161
6901
8438
2158
1844
8222
9764
7429
916
9084
7243
8172
524
4102
8047
3515
3647
5159
9048
3429
9232
4896
227
7703
7797
7227
2437
6374
6215
8125
3643
9921
4178
5474
1396
3337
6020
3558
8808
3782
5108
4115
7461
5789
6839
7462
1509
3970
6720
1953
101
8346
4002
6218
2673
8700
7085
8815
6849
5640
6199
725
3784
1406
1289
3390
7717
9687
399
238
5811
8340
2304
9863
3059
4214
6370
7953
3259
7040
4640
2146
5417
6914
6428
9462
8770
7027
3397
9177
8234
1609
51
1856
6952
8753
9016
3607
6794
968
5947
6907
9731
8627
2007
5561
5823
2199
8238
425
6177
7007
1201
6955
7207
8441
6767
8900
2947
6607
5279
9348
9879
5624
7282
9093
1305
7479
4496
2387
3486
9370
6437
6972
8857
3342
5164
7355
6404
6381
8135
6557
2001
2616
3889
1775
621
6558
1705
824
3860
7298
6580
5564
3874
5489
8400
5168
5055
7635
7869
7908
7010
9023
3463
4177
945
4550
6397
9551
904
4527
5
7574
7346
4923
5609
5909
8779
5560
5845
6317
1301
6664
3722
816
563
5249
8593
4340
9296
8385
7600
1980
797
105
5067
3042
3929
467
6769
8811
7157
8493
2827
6622
8988
3187
7765
6772
3492
8265
8744
4068
9833
1847
4059
8103
5450
6228
3878
6659
7764
6116
9864
4398
5743
3227
1647
1049
1099
9644
6046
5889
8795
5290
2820
690
4513
248
8550
4886
4027
5888
5868
6502
8789
185
7478
958
8043
2605
3437
3681
6999
2317
6295
2155
1855
1412
5551
1857
5569
5170
971
7947
8128
5177
3585
888
8434
2142
6853
9815
526
3074
7136
7477
7345
8636
6897
5737
9613
6738
8934
4534
1359
8267
6778
4269
5994
553
6167
414
713
3835
1694
749
208
718
9172
1165
9358
2642
2393
7963
1500
1286
2647
6873
8544
3642
7732
902
4532
9924
7024
8251
9471
4372
7918
4506
2907
588
3542
1375
5252
1633
423
8015
923
7466
7338
8786
2917
5392
5660
9922
3349
8039
7590
1919
6729
5140
8986
9662
672
8454
2796
9916
6652
6709
1169
9993
2468
2026
9235
846
1999
4722
3431
4181
6996
5412
9178
9397
8608
2127
4850
1497
7568
8111
6227
6343
5372
9730
8350
1721
5383
5712
3253
3024
8077
3087
7476
6484
4487
171
4881
5359
2337
3113
6161
3192
5506
2248
9274
6512
9332
363
1699
2516
125
7691
8755
4265
7593
3869
8817
8197
7220
5043
2032
4822
2233
4633
2427
2511
9014
1675
4385
739
760
3654
9466
7925
4285
2906
1247
6571
1152
5975
9848
4689
9144
9948
3760
5386
7305
3405
9608
4975
8937
3207
9294
7636
1537
2123
8991
269
4884
134
2576
2848
3996
5612
6472
8191
9721
3848
4813
8406
8156
748
2879
5132
5127
4522
3287
2030
7341
3293
4651
4273
8153
6813
5680
8818
2478
8048
4292
634
7259
7245
2090
547
953
4394
2859
4546
8929
9270
9362
7295
3864
2050
7389
4023
9450
7958
7837
9801
9895
6621
5447
6969
7406
3374
4335
1774
9396
3436
4234
5411
2624
4950
4387
5668
2472
196
1273
7141
8139
8032
5069
9176
9449
150
9650
1416
8348
4935
3521
4436
6844
5688
1754
9642
5598
8960
7286
2589
2046
5176
8119
7078
5591
8216
5699
4587
5342
275
5894
8698
2938
778
2134
3648
3580
7267
6403
9239
4951
9898
4505
541
5376
1184
5757
7034
3623
2914
8565
998
2115
3731
4051
4483
6274
7615
2187
5929
2423
379
5953
2648
7779
4013
5846
8709
6458
1918
3816
9498
9616
2523
4742
1205
7647
6285
8279
7654
5066
3880
402
8430
8301
7005
289
5857
9958
7493
7271
9858
5633
3339
4058
8972
8485
7438
2300
8449
511
5222
8298
2805
3728
9257
4200
1380
4556
7528
4193
119
130
9653
6135
6554
9417
1575
8174
3138
6650
787
9114
6088
1549
6329
8089
7422
9229
2438
5220
4753
1255
6015
7934
1701
6471
849
2112
6034
1154
3601
7410
2410
2684
3697
5739
6581
6835
3249
6440
4357
63
6775
5839
6375
2771
7989
4785
5778
6219
8714
4700
761
8299
6583
7923
2326
1748
9878
1917
1642
3329
9424
2984
9289
9625
5573
3858
4697
4359
4852
6875
7642
8648
8224
2649
366
7531
3868
7614
479
1042
5437
1936
5919
1687
2215
1094
9442
8980
1119
8693
5044
4092
6736
8764
9999
3633
1852
1415
1250
1746
7762
8144
7166
4123
5104
5148
9727
2540
4846
123
6605
4118
7270
8150
6805
6744
9748
6035
6417
6303
9966
1942
9603
4108
9343
8095
2691
6543
2268
3156
1613
7442
5765
3694
4625
221
7403
9670
8722
6548
9757
7427
8880
8347
1196
8173
9391
8686
174
2651
3137
2934
8070
7203
1767
1456
9230
6890
8831
4040
7673
4795
7132
8783
7119
1195
7264
7651
3286
5827
5923
6376
3257
4279
2990
5490
4601
3141
8580
2535
7718
6369
4390
155
3295
1252
9146
1968
2630
2935
1646
9776
2778
6312
1880
561
3941
7613
9458
6906
8967
2303
3756
2942
8610
2889
7906
5776
8190
1312
5362
2865
5034
5976
1150
8966
95
44
5697
1688
8428
9240
560
8956
7545
4508
5135
906
8535
7190
2931
5072
7224
421
2926
1977
7063
7548
4990
1450
557
4368
2322
7792
9783
3300
6480
132
2638
1988
6018
4828
9325
1695
5634
7604
8123
1402
3566
9314
5021
2650
5101
4351
5907
6452
2496
9003
1541
1047
2710
1310
6152
633
9036
9509
5398
1827
3211
7498
8114
5128
6739
8673
6550
2539
5366
3795
1204
6668
4169
587
5270
6145
1862
2217
6497
4979
9262
6961
3734
2590
6625
8876
1032
5530
2736
746
6341
1553
8220
5851
5916
8660
4661
3319
2494
2185
1661
5826
6940
6733
5196
7443
6677
9673
5280
3921
6716
5576
9378
4930
9525
8769
8412
1664
9139
6588
5000
7080
2790
8733
9768
1476
538
2338
9204
8448
5892
5345
5549
2340
8248
1330
1564
6475
9589
3146
3243
5589
9532
6960
6216
3340
9780
4533
565
158
384
8882
584
5951
3306
7125
7501
9974
1230
45
3382
1527
5780
9258
9675
8554
5059
7841
8720
2915
1183
5949
6515
4462
1639
1490
5095
2101
8510
3408
7795
9969
7394
6707
9447
8192
6745
5973
6573
3130
9395
9751
5156
2709
2208
1293
9793
5787
7229
4449
251
6935
4416
1233
5810
5096
2346
9564
5996
7667
7627
8292
3407
2336
1934
6183
440
5863
4252
323
7706
5087
7524
2029
5675
73
7488
5644
263
2757
4349
8294
4824
3395
9897
2294
2637
4770
5273
210
3849
3498
5428
1118
2794
327
7226
651
118
3128
3600
2916
4699
5042
6894
745
5911
9027
4937
6993
7817
6115
2904
4939
5248
721
7987
9212
2872
2036
4695
1089
1676
7994
7054
9079
861
8864
9169
9259
3461
6283
9545
1041
4598
7375
3420
2717
3595
4835
3018
6186
1239
7431
4131
9046
7944
900
4185
8065
7117
3685
7719
6533
7881
984
3182
5658
3743
9033
4055
8382
2543
4920
5653
6100
8743
9989
2656
2220
8867
3201
96
8881
2100
1386
7373
458
8888
8909
5481
4190
4078
5268
9145
4703
7656
6251
6455
9109
3516
2970
4481
2855
5134
6342
2103
4208
9587
1762
2712
3471
9648
3422
8112
6058
4888
4793
9914
9696
8819
9970
6007
2205
1202
4367
4650
5616
7426
156
4748
3023
5753
2795
7612
3675
1469
4304
147
4192
1733
4893
7424
6832
1452
7842
1954
5645
4126
1776
7400
5501
8805
1755
8214
3273
2497
5970
3120
7503
5097
1508
9671
3371
7914
9552
2114
9361
4501
1420
1299
2610
2204
1008
2526
2626
278
4987
4284
3401
1173
7695
5349
591
226
8360
3637
7571
6316
5767
6171
5212
7164
6127
128
3102
5566
7535
543
925
3496
1066
2860
1763
8312
4333
6416
5572
833
3546
4158
6721
450
2883
6990
6346
2104
8730
6038
472
3465
954
7559
8998
8617
1837
2381
2791
5850
455
4298
4848
7428
1539
4971
3973
5146
8512
2686
1742
6595
9009
2252
8500
5882
7409
6653
8447
326
4016
5193
7555
6180
6630
3427
792
7201
3497
9800
6538
5864
9371
1001
7294
1794
3504
4
6773
6829
3041
4857
1976
5217
6683
4028
6315
7102
5913
1608
494
5274
5260
9812
7689
306
6934
8439
6651
4579
4654
5022
8168
1792
7458
2
2641
7056
8261
3912
3957
7599
9309
646
4670
3183
4048
3052
3149
5020
5237
7236
5520
507
6242
6878
7121
8607
5339
5409
8630
2747
9956
7017
4680
7252
8526
4063
6615
5639
8419
197
1187
1206
9039
6175
7070
1392
4491
9698
5312
6754
391
8695
6508
8235
7785
3856
9548
5782
920
9253
1188
8122
8247
880
2643
3603
7886
258
9905
6318
3011
946
7405
6457
7871
8420
5182
1342
2249
5517
145
9873
1360
671
6479
2733
1628
6531
5116
5029
2874
2149
1931
9806
420
385
7072
9297
4348
6816
4184
9516
6496
8706
794
4516
5563
1885
7328
763
2919
6774
4031
8583
3899
3094
1294
6963
9459
5160
6513
3802
5577
9069
3091
3476
5291
4003
5328
1162
2476
8014
5155
5958
1501
2925
3469
3539
5532
3111
332
6871
6795
5384
140
6054
5584
4325
4755
8203
2224
8090
6439
6304
6234
2565
2319
4429
5314
6213
2933
3554
4365
9019
7336
987
5003
766
193
5503
4978
7176
683
1868
6808
5825
965
9609
6865
4116
6361
9907
7329
3109
5197
659
578
2125
9119
9421
2432
4878
2645
9438
6221
2714
3656
531
3299
8523
9137
9372
5353
8339
8748
5492
7576
2110
8353
9474
1998
4342
2012
660
7873
4492
5518
7499
138
3563
4734
5874
5914
9770
9161
8879
1015
8689
1030
7742
1
9579
8100
5194
4147
8949
1907
7026
8134
8670
5078
4596
4510
1106
7594
654
6308
1012
9477
7033
8365
8206
624
6743
6692
1281
9827
7552
7554
1399
6254
1714
3508
2545
1982
2164
1127
2386
8154
3444
9702
9376
2453
9028
1673
2922
8262
1765
7055
3010
8386
1025
9000
2347
4641
5944
353
7513
9779
9190
3426
7487
8908
8509
2751
8955
2189
647
3224
8861
9122
9763
9226
612
1034
7246
6547
3814
7248
9304
7021
1272
5848
2131
5336
6831
2832
5356
1563
1994
8113
7517
1669
4567
3255
4976
6062
4947
451
1662
9159
6797
637
3117
7854
993
1621
5090
6136
622
5431
4065
2382
5228
8683
9543
6840
6998
7887
2138
340
5835
8414
1441
1909
2473
9845
4739
1325
9982
5234
3089
6579
5152
1221
3631
5628
9369
7188
7573
3233
3768
2953
788
3944
5763
3791
2756
7041
8591
8132
7972
7228
3096
4142
3441
7235
5535
4151
3901
4000
8903
4314
5788
7777
1758
452
2422
4230
7484
7110
4195
2460
7187
4711
3644
4302
8188
3778
2469
1671
6565
4642
4648
3706
9444
9724
297
9050
7933
6028
6203
9786
4917
1465
2839
9580
711
9903
5278
4645
3661
4321
1658
8252
5256
7206
422
9699
5405
5800
896
9487
5918
3787
2352
5330
9610
3712
3412
7677
7781
5781
779
2992
5018
3590
8300
8060
4007
4540
6427
167
8319
3725
2762
9542
5163
1731
4024
3324
1095
431
2080
5365
617
2087
1668
1634
3749
5941
6505
3819
7523
7653
8940
4618
3470
7543
1535
6489
1588
7396
8001
2124
8377
3794
3911
3545
1610
3047
1959
6572
1198
3423
8381
42
9209
666
8368
6050
9938
4463
4215
4498
2126
2903
2464
6782
6128
1842
1381
2093
7342
3854
419
5201
3151
5706
834
5817
765
1265
9592
4831
9211
2844
603
2688
3998
5100
233
6073
4693
1638
3376
5295
2941
449
630
430
2377
9062
3847
4155
2232
1861
3891
3621
1955
1020
9299
549
139
4176
4235
9160
917
8233
3264
8159
5107
7803
608
4160
8597
7020
3478
9725
8975
4447
6450
6382
8762
3544
8464
8959
9188
5387
6601
8855
9789
4361
9563
5374
5122
347
7278
5465
4122
5485
9936
4125
9057
4749
7712
9347
2159
5722
9934
7162
9777
8590
4801
2837
8516
1928
9412
606
5079
4503
393
2617
3118
7799
9437
3884
6590
9534
3019
5467
1155
1960
1218
1176
1264
1905
2547
2378
5204
2330
5028
3222
1307
1840
6741
4263
84
941
9153
2680
7838
1693
2137
330
1160
1371
6113
8452
9860
7420
9265
1561
4637
3003
851
4840
1606
5897
734
874
7320
9533
108
6261
2411
6109
7610
4573
4866
9685
9094
8351
5375
8877
466
9978
8944
1158
2563
1996
9952
9254
9813
5580
7215
9007
3903
2408
1865
4409
5756
1619
8468
8816
8131
386
7724
3434
1722
6534
3893
9632
1077
9713
8573
321
1551
5641
5648
6466
7625
1843
3594
9342
6684
2987
4379
7118
9759
7990
7916
4162
3936
9244
3402
6519
5344
9004
5578
4872
5286
2988
4322
5343
4041
8055
292
6713
9825
6090
7189
322
4411
8928
8728
6917
8674
7516
4307
9560
9099
5727
6909
8431
4626
1983
5440
7514
741
5735
829
8445
2706
7351
9774
8152
8646
3693
989
9228
6628
9221
6001
5137
6483
5734
2529
468
3112
586
7754
4537
488
1212
8181
6938
5621
335
988
5441
4805
5048
4105
3209
8519
6086
7983
5715
4515
9549
5872
2344
9490
9943
4343
8870
2277
2421
7430
5206
9429
7962
54
7126
7843
3551
5190
354
496
8318
2607
3298
3206
5548
3981
3277
6478
2360
8996
6030
77
8828
5593
5761
5935
4996
9285
5030
4386
894
9980
7255
1645
8592
5418
7620
6432
4572
8330
1271
4932
7991
6662
4683
6255
8357
5858
8258
9194
1435
5013
7325
4305
8080
5080
2963
3553
8487
9765
5231
7120
5542
9468
8638
6616
1846
2242
5215
662
2817
1598
4044
9081
9111
2082
9996
548
7385
6823
1463
4396
3809
3845
235
8444
2414
6060
6627
7521
4653
1886
3364
1677
2696
9024
2975
8889
3980
9430
6160
7211
2708
8856
100
6176
6898
9518
8582
7798
2559
6431
2664
4420
6965
207
8710
8651
8421
6863
7507
6371
9565
4763
3357
3456
1739
3629
9913
7448
3030
2418
8677
891
5475
1611
8787
7973
6407
5902
1417
6172
6158
9055
5625
9213
489
4869
8283
3977
7874
5736
8969
6189
1995
596
2900
1985
3783
5493
5472
8456
7242
5793
2084
7322
5124
7686
4458
8606
1079
9100
6553
3776
9267
1698
4630
793
1571
4523
3438
1167
3671
3229
7233
7414
9890
3895
6977
7256
6885
3962
4602
9076
3321
241
8325
1197
9862
5991
1604
9409
9816
9363
8218
3439
7304
769
9505
7696
1425
2297
4673
4972
5338
8427
5473
9888
7088
5775
5421
5965
6266
4233
4910
604
9237
2391
6667
1388
2693
9218
4564
5581
8488
9015
2666
4597
3035
3833
7191
3312
2587
5406
2927
8423
502
5983
1802
755
6726
120
5829
4883
7359
3510
2192
8747
7800
4704
3341
2195
4426
6222
9743
6643
9992
2041
2106
7232
1542
1458
3447
9950
8278
8839
9422
571
9712
3282
4095
2723
8784
9393
3770
9436
7475
7637
1782
2353
2281
9017
9364
2697
8538
8049
93
6672
9283
3947
2045
3083
35
3392
5713
8884
6681
6521
6377
1140
5934
3398
850
64
4919
5960
1523
5322
5025
8387
2951
2491
6979
5670
9883
1681
2130
3691
5199
1185
3846
9456
5646
7009
3241
5751
2298
7168
776
2206
7073
770
1895
6696
7384
1744
9266
6438
1790
8415
7062
2116
380
3001
8
7828
8472
8210
6322
9435
5575
8470
680
8273
4874
5821
8087
1496
8505
4046
5954
1083
8481
9803
9953
8285
2273
6293
1434
303
1351
6024
7068
3769
7830
2495
6468
7230
7541
7511
2566
2792
3674
6057
5910
8680
9998
8162
6155
1958
6033
4493
162
1297
5304
3900
2812
4332
2417
6356
7975
8388
1620
6868
9330
6084
6079
4565
1091
8160
6338
1153
5618
3645
7859
7856
9499
8970
4500
3875
6771
3950
8827
4624
8096
2555
6529
5728
3308
8800
595
7860
2533
8205
437
8277
3597
1881
6700
1656
4124
7775
8579
8740
1454
2243
3618
8691
1577
3236
537
8561
5721
4382
8659
6456
983
4060
1691
5058
8081
2718
7866
909
6708
86
1818
6841
4995
9053
5250
4097
6048
9612
8091
9617
2278
7050
7728
8063
3194
4071
8494
170
337
3021
3683
1823
4774
7801
7820
3164
3379
2255
3523
6243
8041
4756
5813
858
2663
6511
2449
1210
129
1820
9802
6153
9168
2715
5720
6238
9666
6011
6134
5407
2627
3525
9255
8333
4643
4849
7441
6725
89
811
9486
5281
684
7221
483
3468
2847
1051
3391
2803
1116
7469
4434
9264
838
7996
401
5321
7310
5483
3377
9113
8165
6144
9689
2420
6530
556
6879
9478
2306
5091
5292
2867
1891
5209
6536
9519
2898
2068
2564
7875
1166
5631
8099
6593
3451
677
4471
2734
8383
7074
370
4098
8161
6690
7002
2475
9217
3866
9268
1343
5602
4187
462
8938
9045
1729
7275
8052
7658
5544
1120
2973
7032
4649
1445
1834
3972
2760
2129
2296
8022
1363
5679
4885
2154
3923
3482
2399
8474
121
9408
8053
9755
1276
7099
2433
9640
5687
7437
7505
4675
864
491
3406
7621
7257
8835
9162
4400
1904
148
8196
8007
1413
4721
9329
9834
381
3043
581
8147
8142
1486
398
3051
7904
9868
8072
7700
1929
211
2525
8071
320
4607
8230
9366
9292
2098
237
6544
4226
3373
803
7333
1543
3171
9386
9636
6473
6139
4157
8718
2962
7315
447
9771
5844
1987
6549
7374
5987
256
9947
3617
3897
594
5309
6817
8399
4223
1215
8343
4590
3334
5655
290
5145
7455
8378
4412
8321
8463
3389
6453
5769
397
5971
3232
3548
3119
9784
1492
8897
3821
5486
8085
1522
1777
9151
5990
8462
1347
6041
3394
5906
2850
6620
3832
4266
245
2870
2462
2787
7331
4138
5939
8372
4198
1825
6755
1965
754
3811
4474
2020
3032
856
3857
6279
8899
7045
6855
4290
8860
8246
8771
8650
8739
3305
99
3185
6170
1021
6524
8503
6469
4511
7348
5488
412
1910
6514
9269
7877
2063
4571
2552
513
1004
2419
2302
5512
1507
2088
4558
5218
3902
552
6470
7603
2083
6332
8185
6493
5877
640
25
8422
5777
4466
7672
7729
2581
6645
8905
8863
8129
7
8547
5247
4439
3583
4358
854
2400
5468
7274
6091
6340
3335
4681
2209
4459
5622
4271
4585
2061
6142
2514
28
6923
2097
212
8471
1504
8133
4759
5361
7771
5711
7540
8011
1186
860
6740
4452
6445
9554
2744
244
4838
5849
5740
9346
4450
744
9156
9572
4635
3881
639
6563
4905
6065
1906
4894
5943
1141
1391
1357
4106
1821
8792
7561
4475
5556
9680
2487
6025
3020
9571
6211
8255
3196
4153
4610
1488
405
1627
1573
1876
848
8542
9906
8973
8623
6220
9214
9861
8327
5195
3057
8062
7634
5992
6290
2013
2687
2797
3641
6858
5302
3484
7707
1424
2060
8019
3738
6874
21
514
653
3717
8275
522
1107
3771
6226
3955
1871
3513
4241
4900
7161
4983
7210
6842
5039
4489
2705
5221
7829
6719
2623
2077
232
9097
9315
8551
1584
7391
2156
5435
2703
254
2594
2363
9544
1156
4311
9652
7081
5760
6454
7584
4371
8633
780
159
6288
4765
8121
8896
6210
2802
9480
3826
1108
6851
795
5587
6258
9287
3384
2636
1683
3792
9485
1727
613
82
6080
7377
9614
6957
2834
9202
7460
5525
7177
809
3736
6749
1190
7864
585
5403
3356
7332
5656
7172
2730
7037
8662
5771
3659
3490
6110
1414
1389
204
5912
5986
9276
7225
6759
740
3527
8647
8316
9639
4973
9131
1973
1385
575
8105
2908
3248
4811
6367
2276
914
9977
3419
9301
2536
7185
8756
6818
7567
6097
9070
1618
1824
3088
985
2375
678
3462
2152
9407
4682
4715
280
8652
6055
3499
9124
5063
4042
5890
9733
1256
7198
3747
265
4548
3541
3016
1447
6712
3069
1801
3804
9567
4456
7940
6392
2640
304
5037
742
8890
4330
4478
7812
1622
9181
4665
1916
8664
9328
4366
9223
8207
8794
7831
6608
2593
911
4103
9686
5521
6253
7313
8645
7194
7412
7075
4547
46
4110
4963
4719
2447
4740
5416
8883
7619
2169
3256
2226
1495
6181
3053
6559
3162
4303
6618
8373
7116
9248
5783
2646
4819
9303
7589
5942
7502
4717
7580
5301
7586
1468
8443
2932
3684
5540
2430
4738
6355
2389
1686
5264
6948
1093
8699
2354
5014
1499
5174
8451
195
2310
4898
6061
5770
1348
5676
1346
921
9651
8605
1829
5316
3304
8000
5262
6981
1189
7979
98
6857
7180
209
733
4283
126
189
8490
1002
4926
2413
7457
3730
1511
432
6096
5357
8332
5733
8127
7171
4818
9761
6575
8295
9557
656
2896
5390
5285
2504
3220
1460
8910
4272
2711
4276
6913
8758
2804
5119
3212
7001
6263
3750
7606
3081
6141
9164
9637
9718
8120
4808
6464
9128
6674
7284
9778
1632
5161
2531
5938
527
3861
2133
8865
4772
7077
2315
4418
5460
3649
8036
436
4993
5814
9472
2726
6411
7218
1337
4121
1151
9766
8885
6132
2397
4174
4005
4099
2291
7491
3307
6889
8742
2668
2260
220
8140
8850
6278
4374
8952
7175
9410
6402
6384
3723
3559
7582
5329
9573
4761
3646
5125
3494
7150
8169
8757
4600
3432
2143
3029
7645
4245
5828
5198
6986
2320
6052
5294
5452
4891
1100
5153
3491
1605
5457
2222
4130
7379
545
1696
6525
8616
7160
8307
3281
2436
9821
5524
4081
9134
8311
5498
6275
5319
2092
1485
3152
6348
2767
2327
1467
7767
2128
2977
4036
65
7518
4965
933
4337
404
5169
4406
4089
4461
8309
7809
1626
3850
219
9559
2628
272
8672
6104
4776
4914
4482
922
9962
4144
4194
7701
5439
38
9037
1128
597
6241
969
4783
9339
7098
2532
8932
7095
6049
5626
1624
1750
2109
1266
4575
9488
1902
5478
3353
570
1540
9604
3210
3460
9972
6904
3785
9660
68
6150
6908
6168
8437
1888
8151
3729
177
1462
1779
3663
4216
3557
7609
6611
7870
2246
4880
2763
5088
3380
9249
4541
4201
4156
4043
8840
6603
7482
7924
7279
6903
9840
5324
2692
751
8158
2861
5630
6642
475
6807
8796
6149
9476
4221
7508
6956
1304
5704
3148
8002
6499
937
8726
6260
4306
6385
5664
4825
9141
7452
747
2997
2798
359
5391
6507
995
6294
4019
7383
3219
3679
8499
4862
5606
1849
9631
1228
5385
2776
7402
4918
6883
4844
7937
1875
3108
5070
9103
3002
1104
4134
7968
893
631
3692
8869
415
9187
6068
2027
1340
2606
5444
3400
717
4127
7917
7107
6945
4870
8257
4137
7553
4313
3313
2244
1243
952
7748
33
8240
7089
1453
1789
3147
6350
8976
2936
8115
2254
550
2959
6446
2972
8845
59
6360
9575
6330
7884
2738
7167
1306
7704
4913
3328
1087
3680
8577
252
296
3907
2782
990
3917
3622
7910
8790
5533
4225
1259
2737
3134
9434
5515
5884
912
355
3359
8323
9195
179
8044
7133
5006
8624
341
4629
9795
339
5471
2461
3246
2056
5649
7592
8198
5333
9835
2980
8810
9384
8873
7633
4545
4521
6801
4433
1282
9126
2826
8268
6703
8359
3705
7891
5759
1736
2775
1848
5371
7562
7932
9749
1651
2698
5677
8578
1168
6594
2181
9353
7481
172
182
8211
2652
5438
675
9638
7067
1429
2015
8977
6604
523
498
5702
9389
3796
9271
6994
8518
2362
6119
4743
7660
6942
9920
6753
1333
2829
5977
7042
6701
9872
1377
8537
4324
2140
8352
9463
2538
576
1473
1784
875
5098
9375
8736
9247
2174
5866
2003
7806
1534
3440
661
4161
4816
7197
4814
9511
1147
6768
4323
8731
5300
3442
3063
5378
6056
142
1213
163
9465
8228
682
8564
5963
151
3975
3086
5611
8297
7746
9581
9704
1616
375
3886
9578
5698
4949
8692
6826
2530
8687
3166
309
3158
9990
2051
3280
3827
7134
2985
8232
1911
5865
9619
9497
4378
5102
5709
1052
3830
2999
103
43
8483
8814
5214
7546
8219
1111
9313
6418
9600
1035
1741
5244
3037
6395
5592
8833
7977
5442
9758
5388
6635
5867
1207
8391
568
1479
9593
4497
781
6675
5189
1631
7299
2675
3501
2367
5081
6918
8866
2342
3591
9605
2489
1365
3472
2582
1064
1650
979
8037
435
4922
5870
4495
7124
3204
8272
4072
9306
6704
4839
7450
4690
2039
6016
4698
9711
3611
4730
6510
3995
1715
5550
5744
505
3908
4956
6257
6165
4710
8895
4943
6296
966
1938
3766
9893
4249
3121
7184
3702
5930
7882
8291
1967
5514
2765
2102
9984
8116
1345
2588
2868
5700
6098
6503
5033
5118
4815
1560
7059
582
1338
2295
3851
7266
9377
8171
5600
8781
1387
1431
4823
5310
3370
3107
4745
9298
7399
382
2750
835
4104
8829
9810
4581
9280
6146
1419
7624
5798
1900
1285
1832
2681
3990
1568
6300
3318
6070
3828
9809
2261
708
4948
2500
855
5859
762
9043
9092
3450
3028
820
8005
7367
8227
1418
8266
1223
3713
5007
7671
3123
9892
9647
6451
4243
8136
7530
5224
3103
5479
4854
6884
6248
1791
9985
8948
5167
6459
8641
520
94
847
1764
7715
2425
8912
2502
7761
9368
1806
4083
8961
1761
5121
4202
673
7014
234
9318
8612
2280
9106
9140
3048
4662
3105
260
4364
688
4326
7970
9025
2167
1175
4543
1010
2580
844
5873
8990
4035
8023
786
259
4255
7885
2162
6247
2238
6031
2017
9909
6537
1132
6678
5233
7413
7936
8390
1546
3800
7851
1735
6336
9949
9381
4308
868
7066
2251
5086
487
2979
7434
6118
821
9598
5200
2993
6442
7292
7971
6
2035
9682
962
3
5837
5662
2660
3303
438
1410
5974
9832
3707
8302
4222
1950
8124
6649
504
7280
6569
5860
6105
1545
750
1376
6501
843
5946
8621
3843
1121
7641
4360
2201
5905
3606
5523
8984
8843
8484
216
7956
1555
2361
3882
1436
1787
1797
8983
9452
9814
1267
5672
3487
1515
7445
6265
6787
9942
6566
9541
6633
2875
703
2279
7683
3223
5276
9219
6319
6765
544
8477
7398
2228
9968
706
9697
5092
5027
3789
8375
2009
6345
1378
3061
7663
2264
3652
308
5052
4443
2355
5731
2488
4242
6973
3810
6335
4050
3006
7451
9021
187
9935
4517
2620
5154
6872
1870
9818
1971
7744
6069
4402
6081
2774
5205
3176
3213
6814
6366
1225
5038
9470
5822
9245
2153
9975
4191
6325
161
6886
6789
7115
1749
4758
5415
610
1835
372
7942
8024
3638
1591
1815
104
3170
5586
4056
9252
1023
1532
334
1374
3879
4146
2699
7028
5046
4445
5537
3562
7520
9514
7915
6983
9941
1397
759
4882
1427
6498
8025
3101
4514
250
9150
1883
331
5603
1812
9738
652
2037
3443
4520
4806
8425
6670
1133
7542
9856
8253
7240
6326
3958
2005
5924
5462
8696
8629
3346
4799
8939
3924
5925
7659
3235
3269
2216
9643
3592
6305
8068
573
5400
4328
6639
8782
7823
2611
8475
1288
4320
5327
9961
3839
6351
5065
5508
6188
2809
8239
7104
4231
8803
8766
